-3.753919874173243416e-17
-3.754331315155416464e-17
-3.754603769052504465e-17
-3.754731926926605479e-17
-3.754713860347608055e-17
-3.754550258449564709e-17
-3.754244866352610173e-17
-3.753804175917734982e-17
-3.752897660221824906e-17
-3.752240693812428782e-17
-3.751492488422215048e-17
-3.750670497735903256e-17
-3.749791204507940263e-17
-3.748877961349779453e-17
-3.747953831894797788e-17
-3.747040884946446606e-17
-3.746158749124120361e-17
-3.745330385658255950e-17
-3.744571707304590710e-17
-3.743901155293149039e-17
-3.743330087415417581e-17
-3.742868904778897736e-17
-3.742523610797273058e-17
-3.742294352382607779e-17
-3.742176917755679445e-17
-3.742167806234323066e-17
-3.742272403859694365e-17
-3.742490122005883833e-17
-3.742761984654513966e-17
-3.743104627559509277e-17
-3.743488100810770542e-17
-3.743909300570845494e-17
-3.744375923362404543e-17
-3.744807648555496171e-17
-3.745230365527906903e-17
-3.745614391941234177e-17
-3.746000948343004774e-17
-3.746335187606335669e-17
-3.746605145144698823e-17
-3.746844918942720555e-17
-3.747029442525414160e-17
-3.747123390388920572e-17
-3.747182612926957731e-17
-3.747167259129289064e-17
-3.747083422891373261e-17
-3.746913119671190137e-17
-3.746681765362134438e-17
-3.746409736762764685e-17
-3.746112078187651373e-17
-3.745815275269752941e-17
-3.745508698052761155e-17
-3.745220420984941274e-17
-3.744939305736477479e-17
-3.744648408968445034e-17
-3.744388498475747663e-17
-3.744164704058325101e-17
-3.743969726586487854e-17
-3.743777602374330713e-17
-3.743631190207250089e-17
-3.743542429020398140e-17
-3.743476220900046985e-17
-3.743415465394851579e-17
-3.743380614887472257e-17
-3.743379461966535743e-17
-3.743433128546573971e-17
-3.743493759035086224e-17
-3.743548646362865787e-17
-3.743606672216579594e-17
-3.743679267142207164e-17
-3.743777279901673849e-17
-3.743864091633563461e-17
-3.743902926481503357e-17
-3.743904427096049152e-17
-3.743886483593230730e-17
-3.743850244628958819e-17
-3.743814403169112913e-17
-3.743743719182916106e-17
-3.743650892409583734e-17
-3.743529652384227858e-17
-3.743382845845610207e-17
-3.743210539225600877e-17
-3.743044555355375399e-17
-3.742876507895515829e-17
-3.742671725089292219e-17
-3.742425292329005191e-17
-3.742185564781191440e-17
-3.741937886048382220e-17
-3.741700724555313912e-17
-3.741470083714134826e-17
-3.741266828613311757e-17
-3.741113139035350997e-17
-3.740986245113704398e-17
-3.740843371949916044e-17
-3.740752427798845212e-17
-3.740712033581034795e-17
-3.740708445336199260e-17
-3.740750611519499839e-17
-3.740818038051221755e-17
-3.740886312885948526e-17
-3.740961818832023926e-17
-3.741065349195111157e-17
-3.741183335558517981e-17
-3.741328659191045441e-17
-3.741481986804718256e-17
-3.741685734484501751e-17
-3.741895959858973275e-17
-3.742081634624977629e-17
-3.742245174604359705e-17
-3.742403110356942118e-17
-3.742617740991100904e-17
-3.742827109622964445e-17
-3.742981413091034582e-17
-3.743107118457187352e-17
-3.743201454798457450e-17
-3.743237167500155852e-17
-3.743246664593238067e-17
-3.743260534611680025e-17
-3.743258990949487055e-17
-3.743317529895943088e-17
-3.743365490955178494e-17
-3.743327280396872321e-17
-3.743217454816023365e-17
-3.743090919479331272e-17
-3.742954793285016672e-17
-3.742808462788258133e-17
-3.742563672094734293e-17
-3.742282559147822725e-17
-3.741969710107991675e-17
-3.741674521937987600e-17
-3.741433219394180437e-17
-3.741173031941907760e-17
-3.740857675772764601e-17
-3.740616691487111973e-17
-3.740377818790618347e-17
-3.740168061428687517e-17
-3.739922113125289094e-17
-3.738378925736945463e-17
-3.738309301735835864e-17
-3.738233417953194826e-17
-3.738181431238916057e-17
-3.738165537161305847e-17
-3.738187987021653950e-17
-3.738221009223347477e-17
-3.738290380326657937e-17
-3.738380102762647982e-17
-3.738488349684659024e-17
-3.738650964956869762e-17
-3.738847033276668733e-17
-3.739065817617236610e-17
-3.739330474139476012e-17
-3.739666335347020777e-17
-3.740100624716122741e-17
-3.740613333813405135e-17
-3.741164216595163638e-17
-3.741724031971867239e-17
-3.742353634901985236e-17
-3.742971455101830053e-17
-3.743561830797419577e-17
-3.744170633177227884e-17
-3.744772503535858851e-17
-3.745375370716114200e-17
-3.745958629281265534e-17
-3.746496209432602037e-17
-3.747000907782898493e-17
-3.747470781626023950e-17
-3.747906833481289347e-17
-3.748278458583068079e-17
-3.748617769451312918e-17
-3.748928616332300120e-17
-3.749208981853554000e-17
-3.749440745151341788e-17
-3.749611280585577238e-17
-3.749717164056228863e-17
-3.749704407123637707e-17
-3.749619016327565174e-17
-3.749436462906654284e-17
-3.749154405332518960e-17
-3.748781149349497742e-17
-3.748327820269580650e-17
-3.747796662031131117e-17
-3.747182005975847603e-17
-3.746524460749836890e-17
-3.745802456748105706e-17
-3.745046764055148852e-17
-3.744299196704555551e-17
-3.743566402653221577e-17
-3.742826374685001388e-17
-3.742080946969060012e-17
-3.741335488808307734e-17
-3.740851406838359263e-17
-3.740158384874179927e-17
-3.739562389074306567e-17
-3.739074524702877618e-17
-3.738686658377926950e-17
-3.738029130729663752e-17
-3.737868785879603901e-17
-3.737813652648280456e-17
-3.737889582272104477e-17
-3.738029270163841212e-17
-3.738270318354252339e-17
-3.738605866333245904e-17
-3.739129690043503544e-17
-3.739705183473969074e-17
-3.740311916390304710e-17
-3.740931053544994733e-17
-3.741579526313697200e-17
-3.742248224750123148e-17
-3.742894047709116106e-17
-3.743479664943531711e-17
-3.743996251168868620e-17
-3.744489245890507845e-17
-3.744877453768498086e-17
-3.745191389818398740e-17
-3.745439162618142057e-17
-3.745674402657871038e-17
-3.745807180295851495e-17
-3.745912566808956682e-17
-3.746001700248335453e-17
-3.746077623173608728e-17
-3.746065033617686141e-17
-3.746095695506528013e-17
-3.746157009902025854e-17
-3.746160782773680794e-17
-3.746150863761706557e-17
-3.746125443821899101e-17
-3.746041957963836524e-17
-3.746440983335925100e-17
-3.746382620726735318e-17
-3.746311322801195586e-17
-3.746208044260993915e-17
-3.746101527777092094e-17
-3.746062279829619710e-17
-3.746037090776937675e-17
-3.745999213478938443e-17
-3.745992018804255967e-17
-3.745960470903597640e-17
-3.745898679899378182e-17
-3.745789827981401927e-17
-3.745651649263738844e-17
-3.745507453552456174e-17
-3.745279125254138936e-17
-3.745014197967377723e-17
-3.744707067102424751e-17
-3.744456133876533106e-17
-3.744202737496337989e-17
-3.743953734695681320e-17
-3.743709268844757730e-17
-3.743455713248382775e-17
-3.743124255208909269e-17
-3.742796189547209512e-17
-3.742434586578608481e-17
-3.742168215355846946e-17
-3.741933175211065321e-17
-3.741706614488096036e-17
-3.741517078936758838e-17
-3.741407717074000892e-17
-3.741334715436963721e-17
-3.741240684974748860e-17
-3.741166402694067390e-17
-3.741100109479679889e-17
-3.741039382583542102e-17
-3.741011005170022957e-17
-3.741008077319611667e-17
-3.741033637267812135e-17
-3.741070273191058957e-17
-3.741111612476718169e-17
-3.741196248894076634e-17
-3.741272781488113589e-17
-3.741364424000863422e-17
-3.741478451314938502e-17
-3.741554485981215770e-17
-3.741612656397814105e-17
-3.741680056622203192e-17
-3.741687563784317455e-17
-3.741661619537499870e-17
-3.741627681353418746e-17
-3.741556494247073154e-17
-3.741427252676305692e-17
-3.741214417095385105e-17
-3.741012582289515295e-17
-3.740780448478266738e-17
-3.740522937212628721e-17
-3.740294977915423592e-17
-3.740088527113450285e-17
-3.739878380681991144e-17
-3.739691978087655444e-17
-3.739525494291414732e-17
-3.739351095663757929e-17
-3.739210238247457125e-17
-3.739095261918520096e-17
-3.739018688125446448e-17
-3.738973081027600270e-17
-3.738989350643220945e-17
-3.739084043867979813e-17
-3.739265826306235383e-17
-3.739503312537911736e-17
-3.739791631397155396e-17
-3.740079550792905401e-17
-3.740412483025913320e-17
-3.740685538847186542e-17
-3.741118083828603370e-17
-3.741549748194783323e-17
-3.741967634942520831e-17
-3.742376633835851606e-17
-3.742777681058757039e-17
-3.743137931624492187e-17
-3.743454466638071472e-17
-3.743738515542389662e-17
-3.744051044956779792e-17
-3.744338584538978275e-17
-3.744580993877264062e-17
-3.744768391302695121e-17
-3.744925429354007404e-17
-3.745048706537271656e-17
-3.745160505839985139e-17
-3.745252756346119560e-17
-3.745282970111192358e-17
-3.745974327414537637e-17
-3.745994112701266599e-17
-3.746012044227652991e-17
-3.746025891990927969e-17
-3.746087941282560133e-17
-3.746228602115905416e-17
-3.746442980510928789e-17
-3.746708368394408171e-17
-3.746970690883909348e-17
-3.747228321697289590e-17
-3.747467395635011687e-17
-3.747734327212722269e-17
-3.747963034175594168e-17
-3.748150279701569111e-17
-3.748309930189835900e-17
-3.748443370221440317e-17
-3.748535900345981688e-17
-3.748596613007485591e-17
-3.748565004576842834e-17
-3.748452521312403596e-17
-3.748247696078583644e-17
-3.747957876623918520e-17
-3.747623075602280296e-17
-3.747169786067387226e-17
-3.746669190679230806e-17
-3.746242435054493343e-17
-3.745825131415879386e-17
-3.745389490072841714e-17
-3.745071485934811376e-17
-3.744700828905270912e-17
-3.744321281823215804e-17
-3.743934277462534502e-17
-3.743542321781797426e-17
-3.743164476589416032e-17
-3.742806235331624141e-17
-3.742433224074126640e-17
-3.742053289979013005e-17
-3.741709308857170909e-17
-3.741352408233375120e-17
-3.740948808373685559e-17
-3.740611461100648503e-17
-3.740240265773083995e-17
-3.739914314555438867e-17
-3.739583836765364398e-17
-3.739275484814033058e-17
-3.739029606698987638e-17
-3.738814534443235928e-17
-3.738594075840901891e-17
-3.738334737702005269e-17
-3.738069211478155841e-17
-3.737760949616914791e-17
-3.737442057445314258e-17
-3.737126967760347813e-17
-3.736823468349912663e-17
-3.736577511032455208e-17
-3.736388354626315759e-17
-3.736248042264511857e-17
-3.736157628707046410e-17
-3.736049632709989525e-17
-3.735932278535515159e-17
-3.735837328718112631e-17
-3.735754515952526702e-17
-3.735715002953083543e-17
-3.735732856629952504e-17
-3.735825397413619405e-17
-3.736041917882956753e-17
-3.736426495640035510e-17
-3.736866323168278574e-17
-3.737317392290163892e-17
-3.737813101213721221e-17
-3.738347419543744684e-17
-3.738944899446632095e-17
-3.738399260131967899e-17
-3.739027796898529146e-17
-3.739655548823156615e-17
-3.740299217497221581e-17
-3.740900379380078796e-17
-3.741491156388828175e-17
-3.742052040911860972e-17
-3.742589123304822248e-17
-3.743116762484467512e-17
-3.743616855796350131e-17
-3.743990917550372274e-17
-3.744237711136696149e-17
-3.744364972510462375e-17
-3.744394035770214011e-17
-3.744347675359017813e-17
-3.744284455777481054e-17
-3.744132071583563900e-17
-3.743939616520978673e-17
-3.743702274801974003e-17
-3.743432062061508947e-17
-3.743096095033340945e-17
-3.742704434433400700e-17
-3.742248010652489541e-17
-3.741732069684459615e-17
-3.741180774698775969e-17
-3.740639601007185285e-17
-3.739571813286014410e-17
-3.739018524951560693e-17
-3.738514303215279233e-17
-3.738062158383123225e-17
-3.737663092246903752e-17
-3.737407268649210221e-17
-3.737265079302899476e-17
-3.737236764732062730e-17
-3.737339639488576465e-17
-3.737574961500504879e-17
-3.737922410015724379e-17
-3.738398884232283814e-17
-3.739004994062077493e-17
-3.739885504779539149e-17
-3.740700028239089075e-17
-3.741541436834837356e-17
-3.742381020327417503e-17
-3.743257858245809388e-17
-3.744146028239226082e-17
-3.745030784984796350e-17
-3.745905053201973315e-17
-3.746673250188032225e-17
-3.747300507726517542e-17
-3.747742467607739500e-17
-3.748012829727432504e-17
-3.748110136281433843e-17
-3.748035749557209722e-17
-3.747809595065205396e-17
-3.747453782634935735e-17
-3.746920489126850651e-17
-3.746240562666846627e-17
-3.745405454317540194e-17
-3.744435179689190840e-17
-3.743362693369095463e-17
-3.742275432879780639e-17
-3.741185646914408558e-17
-3.740148930254128127e-17
-3.739172037259146766e-17
-3.738343372397328573e-17
-3.737649258593072282e-17
-3.737017566168257739e-17
-3.736513271230554874e-17
-3.736175307542122935e-17
-3.736047394263908674e-17
-3.736107779774676808e-17
-3.736305375446872159e-17
-3.736676197613966072e-17
-3.737196361703885177e-17
-3.737840001606369305e-17
-3.738570876019974782e-17
-3.739322607133402494e-17
-3.740154934098264727e-17
-3.741015821172680990e-17
-3.741913793007973721e-17
-3.742826841843581663e-17
-3.743692844109790464e-17
-3.744539835187404811e-17
-3.745288094916752630e-17
-3.745952145931844426e-17
-3.746495572343250228e-17
-3.746881137691749528e-17
-3.747216980017067897e-17
-3.747472368543877473e-17
-3.747522262655392720e-17
-3.747521417723766134e-17
-3.747481214959716063e-17
-3.747403864924318639e-17
-3.747257300791975493e-17
-3.747043227578751075e-17
-3.746775302252609273e-17
-3.746452506008753032e-17
-3.746069456186314715e-17
-3.745694106249219872e-17
-3.746623554348512446e-17
-3.746092468625447118e-17
-3.745566233738476224e-17
-3.744977858629126473e-17
-3.744402792322884928e-17
-3.743873952295026189e-17
-3.743368159974931095e-17
-3.742838458137367342e-17
-3.742324328815827801e-17
-3.741811491900416267e-17
-3.741324605243647461e-17
-3.740844888660237384e-17
