3.587928770935628791e+02
3.670947218054981818e+02
3.725942149126092886e+02
3.752105048399109251e+02
3.749196783921644851e+02
3.717566048673439809e+02
3.658158423533449763e+02
3.572582068643455955e+02
3.514361695356860196e+02
3.380181263872548811e+02
3.227022177805112051e+02
3.058622781181687174e+02
2.879538093721076280e+02
2.693795120312926201e+02
2.505776928437857123e+02
2.319993390214855822e+02
2.141157804483281097e+02
1.973077862862213863e+02
1.820141477891113766e+02
1.685224257079539711e+02
1.570841851718263342e+02
1.478557176081375246e+02
1.409449772349597936e+02
1.363905436801800874e+02
1.341372876216565828e+02
1.341024725441672842e+02
1.361445379915950298e+02
1.403685898279019568e+02
1.465567425876909056e+02
1.541170679535931924e+02
1.626540685397809227e+02
1.717262605508134357e+02
1.809452184092073423e+02
1.903993695181546570e+02
1.995004144737530112e+02
2.086913412896330158e+02
2.173281853350270580e+02
2.250515114926375588e+02
2.314770654451995995e+02
2.367893517667206993e+02
2.407170603402678637e+02
2.436014548476750292e+02
2.452453133503741753e+02
2.455158883039383113e+02
2.449687209486323241e+02
2.439591874744700135e+02
2.425331948589233377e+02
2.403397399516275925e+02
2.373908874773073876e+02
2.339750291080733575e+02
2.302571215274436156e+02
2.269192605962961977e+02
2.235192291407110474e+02
2.204981503875281135e+02
2.177590690246780412e+02
2.156486333519617347e+02
2.141416762016449695e+02
2.135810474777300385e+02
2.136148820091907226e+02
2.143007697740614219e+02
2.157268612068605194e+02
2.178786382083241051e+02
2.205843124447075638e+02
2.236339610027854974e+02
2.269171633917970325e+02
2.303941008737792799e+02
2.339627678866614815e+02
2.374052379255055030e+02
2.409123354437528803e+02
2.441309083036745164e+02
2.468333155993223045e+02
2.493523490940179954e+02
2.514284902753076381e+02
2.528301693677041726e+02
2.540789898501629693e+02
2.545838578406766999e+02
2.543272702390984534e+02
2.532492459918879320e+02
2.514756351216393284e+02
2.492091095155778646e+02
2.463535394755527079e+02
2.430274526730791251e+02
2.394298948677859187e+02
2.360896116774527229e+02
2.330897884757916358e+02
2.301347278430793892e+02
2.275128399509990516e+02
2.250510655139026142e+02
2.230053360626679648e+02
2.214483206644396489e+02
2.205903892419746342e+02
2.203742615954304256e+02
2.214587425700266010e+02
2.230440010760468397e+02
2.252694720641676724e+02
2.279907237999134111e+02
2.311786989344646486e+02
2.346605092105314441e+02
2.385785482649460505e+02
2.426388953193013265e+02
2.467288952287241841e+02
2.508287622008887467e+02
2.556369938814629847e+02
2.601630129777311708e+02
2.643270635041727132e+02
2.681212178828810693e+02
2.721805897814127206e+02
2.759700196317660357e+02
2.789916723795254256e+02
2.813785984015824511e+02
2.832403685891648024e+02
2.849317176732647567e+02
2.860892750693523112e+02
2.871511355909403846e+02
2.879421087147143226e+02
2.883376726954825244e+02
2.882755516115645946e+02
2.876367998900602174e+02
2.866514402272376287e+02
2.851724160381745605e+02
2.842140891404292233e+02
2.836079015640656849e+02
2.825712994266443161e+02
2.818394636674016169e+02
2.809184756094190334e+02
2.803449381030548011e+02
2.797500168911895457e+02
2.788468260204612079e+02
2.775203330048325938e+02
2.756579459458707220e+02
2.734620410178417274e+02
2.722969767765625875e+02
2.707217010983390537e+02
2.687008284634184179e+02
2.661017308535114125e+02
2.638060650339698441e+02
2.807091909448937486e+02
2.751301630574224646e+02
2.694224853453844162e+02
2.633168164456818090e+02
2.568798614624319043e+02
2.503786173917593487e+02
2.437229238229051305e+02
2.370873820723442407e+02
2.304914858641251101e+02
2.240589195640259277e+02
2.179232075721321280e+02
2.120989077178594187e+02
2.068250294891622616e+02
2.022139735636143314e+02
1.983294964754013563e+02
1.951970871414228270e+02
1.928574069366950141e+02
1.915394983685206114e+02
1.915557365603401081e+02
1.928052912494237319e+02
1.959658850964466978e+02
2.007470558618422558e+02
2.063681837767516356e+02
2.130615525206110021e+02
2.203133430887251620e+02
2.280694298071947514e+02
2.362973566151494538e+02
2.445027726764434135e+02
2.525681261696069555e+02
2.601698155358429290e+02
2.672418884692048664e+02
2.735321354189146064e+02
2.787305252472248753e+02
2.829255839008935141e+02
2.862652982536968125e+02
2.882642954416721182e+02
2.887769657502920495e+02
2.884700672895459661e+02
2.867192190062710893e+02
2.837482415931966671e+02
2.797988543837378188e+02
2.747099781231456177e+02
2.687138264634845655e+02
2.619541305615267106e+02
2.546048318545257700e+02
2.467616035809102470e+02
2.390494275517014557e+02
2.314203941566210858e+02
2.243188516782207955e+02
2.176545117533074176e+02
2.118263108911243080e+02
2.072186028545816043e+02
2.041963516637006819e+02
1.990663933492671447e+02
1.991728962488344905e+02
2.005071854988659652e+02
2.030227706145155366e+02
2.065160499436582313e+02
2.167036498299714253e+02
2.230528868817636408e+02
2.301751779773433100e+02
2.378620032026227591e+02
2.466648437142744115e+02
2.557796614515284830e+02
2.650955264824054893e+02
2.741608576914641162e+02
2.828881075623959305e+02
2.912470724956511958e+02
2.989775812151831360e+02
3.057912359176232258e+02
3.116159382625542094e+02
3.163159959151619773e+02
3.203325133843906656e+02
3.235100194598315397e+02
3.256488508570603244e+02
3.270051412422303088e+02
3.270527154698501135e+02
3.259041599144310339e+02
3.234683839981565256e+02
3.206995050343056164e+02
3.168704904203958108e+02
3.121272309670418963e+02
3.068447687550025194e+02
3.024650693127539967e+02
2.975370880998362395e+02
2.922995771953571307e+02
2.871755997357759611e+02
2.822325181723728065e+02
2.774450938100080748e+02
2.732255936958103462e+02
2.616442971381599705e+02
2.573958424379946450e+02
2.534662843018308820e+02
2.497944598683458253e+02
2.466865414974660951e+02
2.436652152967838560e+02
2.408727065770865465e+02
2.386279171006359263e+02
2.378686494878842552e+02
2.376185237406100157e+02
2.377011635383651651e+02
2.383771780411973111e+02
2.393523297373002663e+02
2.403600013126798274e+02
2.421106096468565170e+02
2.438390945224236361e+02
2.456860173203341446e+02
2.476832814544812038e+02
2.498750876477641611e+02
2.518035339497085090e+02
2.534877511335799340e+02
2.547731671900955348e+02
2.565695861527287320e+02
2.578100838231496823e+02
2.593728760530812565e+02
2.604806823649734611e+02
2.609628474621686109e+02
2.611942377175079173e+02
2.608827179973775401e+02
2.601584925559362773e+02
2.590097777751541344e+02
2.580758050405461290e+02
2.566812706571254239e+02
2.550570125910297463e+02
2.536230196091690630e+02
2.521772522856561523e+02
2.509751849171641709e+02
2.499258105965922425e+02
2.490526254781642024e+02
2.486620006382094061e+02
2.484963001156986593e+02
2.487898841434186750e+02
2.494412709580522005e+02
2.503708193513721483e+02
2.520685880360290412e+02
2.540915013031600722e+02
2.564074267018601176e+02
2.598503984087361118e+02
2.634300413680838346e+02
2.669469074786795773e+02
2.704141115881553787e+02
2.740399160773814629e+02
2.779949461156815573e+02
2.813579526140559892e+02
2.840762731722001035e+02
2.859711148019850384e+02
2.871264753960608118e+02
2.872866778443386124e+02
2.868443605663561584e+02
2.854722728740916295e+02
2.832420610971309998e+02
2.807597947482313998e+02
2.772793703235165594e+02
2.729322393787982151e+02
2.678607495265694070e+02
2.625384827487208099e+02
2.567957724577117915e+02
2.506552389521010014e+02
2.444291168265439751e+02
2.387786994944441403e+02
2.332803882320071693e+02
2.287927493826850593e+02
2.247449731499248173e+02
2.228156556566027575e+02
2.198555477923923149e+02
2.179334076142643823e+02
2.170906262354912997e+02
2.170592706373966791e+02
2.178182054947634754e+02
2.195699340096822425e+02
2.222637227998354206e+02
2.256571768704226315e+02
2.294710910339192083e+02
2.335751665215261710e+02
2.380944673738051733e+02
2.430005782785865165e+02
2.479138205156110359e+02
2.526439279008742744e+02
2.571030334106844180e+02
2.612743896935494377e+02
2.657077190176255499e+02
2.596822467432316444e+02
2.628980560294033921e+02
2.653944811973855735e+02
2.673792116240339851e+02
2.685697353243858174e+02
2.690746458929937148e+02
2.690216961109314866e+02
2.685696184470513117e+02
2.674595452324367670e+02
2.657814910519253431e+02
2.637468876743332089e+02
2.622353379198990524e+02
2.611223139435988969e+02
2.599296218617591876e+02
2.587262377732515120e+02
2.574819936304685939e+02
2.562630867683161568e+02
2.553587968544604507e+02
2.552332193561287568e+02
2.553239301903960836e+02
2.558644217268100931e+02
2.565063016393626185e+02
2.571070248265265263e+02
2.583312907598583479e+02
2.596477995463114326e+02
2.608624156757906007e+02
2.616073070744832307e+02
2.620241793694397074e+02
2.618965750478835730e+02
2.616471383357543345e+02
2.607971524950184516e+02
2.594138909863573872e+02
2.574487025507323210e+02
2.548879945974268253e+02
2.519431383445818540e+02
2.487142489172513535e+02
2.456050383512458666e+02
2.424640078174544442e+02
2.398433398893513129e+02
2.382849153945710725e+02
2.368482012904402723e+02
2.362071179376468706e+02
2.356966061102197898e+02
2.356187908538373961e+02
2.358644372130197269e+02
2.363253787119055858e+02
2.371422592116004751e+02
2.382912354316499943e+02
2.404174708807061336e+02
2.432996545262222696e+02
2.472090776532071743e+02
2.513629420886085200e+02
2.555349255664468728e+02
2.597913106549575559e+02
2.639230697373840258e+02
2.678444317552470579e+02
2.715392234271304233e+02
2.747144101623118218e+02
2.778234787533061763e+02
2.809186336984843706e+02
2.835129279829133679e+02
2.858445477493591511e+02
2.874307041079384248e+02
2.884049007688726647e+02
2.886473964984881491e+02
2.884404269138062205e+02
2.875205142839704990e+02
2.856656989950961361e+02
2.833379741782639485e+02
2.801911968181303791e+02
2.763802559756445021e+02
2.725158562606331429e+02
2.860644450374994676e+02
2.815906987184936838e+02
2.768733493611662766e+02
2.717190454970667588e+02
2.667090766041420693e+02
2.617059098304276290e+02
2.569059882487893560e+02
2.520618857225252896e+02
2.471697124108324601e+02
2.426446710669008553e+02
2.390487244364393860e+02
2.363147815940646126e+02
2.342145001062390293e+02
2.325760299282226526e+02
2.314496648154790250e+02
2.305031749420760150e+02
2.299010321319592265e+02
2.299628291921934817e+02
2.304803559732004601e+02
2.313105764900914778e+02
2.327362213150315711e+02
2.344853180188246426e+02
2.369226743435982598e+02
2.402041347117839223e+02
2.438513671204665343e+02
2.476439788021277764e+02
2.598849152157235380e+02
2.649036776944144549e+02
2.698465723882651446e+02
2.747087337921178118e+02
2.796375908435991846e+02
2.836921659627976169e+02
2.867466780504191206e+02
2.889003151826961471e+02
2.901360806287945593e+02
2.901239929879968713e+02
2.891802171839266862e+02
2.869418184931172959e+02
2.836222549235928341e+02
2.770862663866540174e+02
2.718492943079327802e+02
2.663427794001376583e+02
2.608385233364271016e+02
2.552339088636683186e+02
2.497752601919119400e+02
2.445071161245073483e+02
2.396998451494962694e+02
2.354222469265650659e+02
2.319664428397775566e+02
2.297345354934674049e+02
2.287316138305044433e+02
2.288698539565381793e+02
2.302481453240495171e+02
2.330605526698306278e+02
2.368851582596412868e+02
2.417219834012919648e+02
2.472055237157681802e+02
2.533743361117292068e+02
2.599097796544439802e+02
2.664833730099542208e+02
2.734071857797541156e+02
2.798189775061779869e+02
2.855942389429927744e+02
2.907769315800475738e+02
2.949171712028581851e+02
2.980144139256302083e+02
3.006118861749458802e+02
3.026944563672174127e+02
3.036028456956894956e+02
3.031448408483553862e+02
3.016006458735167257e+02
2.998915706212768555e+02
2.972793310544657857e+02
2.938704732888842841e+02
2.897783449813497896e+02
2.856540713448568454e+02
2.823034990382192291e+02
2.789201879138282152e+02
2.754843760811230595e+02
2.723154283564705338e+02
2.692961380326394192e+02
2.670648185544500848e+02
2.653451477109962298e+02
2.641035259331144971e+02
2.633968329808254225e+02
2.634174661815137028e+02
2.645779784996569788e+02
2.660343742416242208e+02
2.677868677797455348e+02
2.713178013271127043e+02
2.748651318292448877e+02
2.785161122973354964e+02
2.820610704288427542e+02
2.851826541324545019e+02
2.877090299914376033e+02
2.895449212180814129e+02
2.914274022159177093e+02
2.930840684835276306e+02
2.938325581447433024e+02
2.736967337652174592e+02
2.746805703703782910e+02
2.749103955794531089e+02
2.754128765477265688e+02
2.748675070535483087e+02
2.735341468275747729e+02
2.713151639027928468e+02
2.689910823433826863e+02
2.658784104773629906e+02
2.624527567973140663e+02
2.584115108152379889e+02
2.539292444426522195e+02
